id,time,key,val
1,20191204173601,A,-3.859145155
1,20191204173601,B,18.05624816
1,20191204173601,C,29.1816428
2,20191204183601,A,19.53475532
2,20191204183601,B,22.25208599
2,20191204183601,C,30.39908487
3,20191204193601,A,8.847505145
3,20191204193601,B,32.42582207
3,20191204193601,C,28.51194505
4,20191204203601,A,-0.4101120852
4,20191204203601,B,22.87789856
4,20191204203601,C,21.75755801
5,20191204213601,A,13.61828675
5,20191204213601,B,9.438892229
5,20191204213601,C,30.35357176
6,20191204223601,A,11.0018817
6,20191204223601,B,17.27065612
6,20191204223601,C,33.45954134
7,20191204233601,A,4.980681891
7,20191204233601,B,15.7109075
7,20191204233601,C,24.52513695
8,20191205003601,A,28.64152839
8,20191205003601,B,23.27608563
8,20191205003601,C,30.55882241
9,20191205013601,A,13.21693481
9,20191205013601,B,17.1430948
9,20191205013601,C,35.19247892
10,20191205023601,A,13.92410634
10,20191205023601,B,23.10875928
10,20191205023601,C,27.66047844
11,20191205033601,A,15.20327069
11,20191205033601,B,19.59948862
11,20191205033601,C,31.77346498
12,20191205043601,A,13.75493486
12,20191205043601,B,23.53487425
12,20191205043601,C,30.4100415
13,20191205053601,A,12.93147761
13,20191205053601,B,23.1776436
13,20191205053601,C,32.01457059
14,20191205063601,A,15.56215433
14,20191205063601,B,28.43419903
14,20191205063601,C,32.02206064
15,20191205073601,A,6.794887064
15,20191205073601,B,19.14953854
15,20191205073601,C,32.00175221
16,20191205083601,A,17.14098465
16,20191205083601,B,19.2781838
16,20191205083601,C,34.63868301
17,20191205093601,A,1.669489782
17,20191205093601,B,19.23144869
17,20191205093601,C,33.10122386
18,20191205103601,A,18.0729329
18,20191205103601,B,26.48349589
18,20191205103601,C,31.70420961
19,20191205113601,A,1.609545558
19,20191205113601,B,20.2531497
19,20191205113601,C,23.82316834
20,20191205123601,A,8.663218301
20,20191205123601,B,28.03748303
20,20191205123601,C,33.79935032
21,20191205133601,A,7.211956061
21,20191205133601,B,14.31457283
21,20191205133601,C,33.75332634
22,20191205143601,A,13.10753001
22,20191205143601,B,14.63173349
22,20191205143601,C,31.52300601
23,20191205153601,A,8.586273872
23,20191205153601,B,13.54733885
23,20191205153601,C,25.70710117
24,20191205163601,A,5.401034853
24,20191205163601,B,19.61992122
24,20191205163601,C,32.47183482
25,20191205173601,A,12.52804934
25,20191205173601,B,24.89671514
25,20191205173601,C,28.9368497
26,20191205183601,A,16.19280641
26,20191205183601,B,25.39650924
26,20191205183601,C,28.19219751
27,20191205193601,A,13.60303027
27,20191205193601,B,14.37656052
27,20191205193601,C,30.16796772
28,20191205203601,A,8.496996622
28,20191205203601,B,20.43355406
28,20191205203601,C,35.59871333
29,20191205213601,A,17.09115624
29,20191205213601,B,24.19308906
29,20191205213601,C,28.39667518
30,20191205223601,A,12.05864454
30,20191205223601,B,28.30811863
30,20191205223601,C,25.78952772
31,20191205233601,A,5.693267089
31,20191205233601,B,21.85151037
31,20191205233601,C,21.69619237
32,20191206003601,A,1.279562262
32,20191206003601,B,17.22789096
32,20191206003601,C,25.02462795
33,20191206013601,A,6.202166285
33,20191206013601,B,24.82028551
33,20191206013601,C,39.42312328
34,20191206023601,A,13.74444023
34,20191206023601,B,16.0088919
34,20191206023601,C,32.27891228
35,20191206033601,A,6.049496367
35,20191206033601,B,15.88925376
35,20191206033601,C,18.42772833
36,20191206043601,A,9.086946068
36,20191206043601,B,21.18514616
36,20191206043601,C,26.12669983
37,20191206053601,A,18.51854358
37,20191206053601,B,22.77935496
37,20191206053601,C,30.70523059
38,20191206063601,A,20.13347869
38,20191206063601,B,18.43623018
38,20191206063601,C,36.06473103
39,20191206073601,A,13.78053399
39,20191206073601,B,32.59729189
39,20191206073601,C,25.53821508
40,20191206083601,A,19.22254633
40,20191206083601,B,27.34206471
40,20191206083601,C,34.22540495
41,20191206093601,A,13.48672809
41,20191206093601,B,16.80451593
41,20191206093601,C,30.10578487
42,20191206103601,A,3.466737494
42,20191206103601,B,20.86165772
42,20191206103601,C,35.18216855
43,20191206113601,A,19.8306761
43,20191206113601,B,24.77822605
43,20191206113601,C,28.67574147
44,20191206123601,A,9.215279432
44,20191206123601,B,22.64306576
44,20191206123601,C,24.77366725
45,20191206133601,A,10.14369621
45,20191206133601,B,18.76403118
45,20191206133601,C,27.26814928
46,20191206143601,A,13.03381557
46,20191206143601,B,22.08456903
46,20191206143601,C,32.46525148
47,20191206153601,A,8.857988821
47,20191206153601,B,23.60187062
47,20191206153601,C,34.04100023
48,20191206163601,A,5.350382901
48,20191206163601,B,22.80505801
48,20191206163601,C,35.58964268
49,20191206173601,A,18.13720476
49,20191206173601,B,25.07212426
49,20191206173601,C,22.91057234
50,20191206183601,A,3.986311091
50,20191206183601,B,25.18418162
50,20191206183601,C,28.6691372
51,20191206193601,A,18.41267406
51,20191206193601,B,15.69866723
51,20191206193601,C,32.74619241
52,20191206203601,A,5.220741899
52,20191206203601,B,17.31159158
52,20191206203601,C,21.94348585
53,20191206213601,A,19.0951974
53,20191206213601,B,21.53173067
53,20191206213601,C,29.66173027
54,20191206223601,A,15.79052185
54,20191206223601,B,24.50115809
54,20191206223601,C,34.61958539
55,20191206233601,A,14.87348245
55,20191206233601,B,27.6838792
55,20191206233601,C,32.85317745
56,20191207003601,A,11.97005728
56,20191207003601,B,26.31668262
56,20191207003601,C,41.40876978
57,20191207013601,A,11.84346457
57,20191207013601,B,22.21713235
57,20191207013601,C,24.93161526
58,20191207023601,A,12.53039159
58,20191207023601,B,27.44780366
58,20191207023601,C,36.15189288
59,20191207033601,A,16.37144492
59,20191207033601,B,19.22123946
59,20191207033601,C,31.94009144
60,20191207043601,A,5.836592114
60,20191207043601,B,23.45388179
60,20191207043601,C,30.60285338
61,20191207053601,A,16.4649886
61,20191207053601,B,16.31213489
61,20191207053601,C,33.74327463
62,20191207063601,A,14.88446312
62,20191207063601,B,21.96198254
62,20191207063601,C,30.58307891
63,20191207073601,A,4.435967055
63,20191207073601,B,22.67894649
63,20191207073601,C,28.92157194
64,20191207083601,A,14.54934542
64,20191207083601,B,26.36657013
64,20191207083601,C,27.08146059
65,20191207093601,A,15.97180151
65,20191207093601,B,16.36928355
65,20191207093601,C,38.45367914
66,20191207103601,A,9.652939476
66,20191207103601,B,15.37320955
66,20191207103601,C,25.78480786
67,20191207113601,A,7.754484757
67,20191207113601,B,12.1747247
67,20191207113601,C,33.8556588
68,20191207123601,A,10.31372524
68,20191207123601,B,21.94234919
68,20191207123601,C,26.8403753
69,20191207133601,A,9.52324494
69,20191207133601,B,13.62884534
69,20191207133601,C,27.21297369
70,20191207143601,A,7.137664526
70,20191207143601,B,20.7573774
70,20191207143601,C,34.6471569
71,20191207153601,A,9.892272409
71,20191207153601,B,15.77801223
71,20191207153601,C,35.32364478
72,20191207163601,A,13.53722285
72,20191207163601,B,25.49457557
72,20191207163601,C,33.82911169
73,20191207173601,A,7.6029963
73,20191207173601,B,25.14811562
73,20191207173601,C,25.98397601
74,20191207183601,A,2.94234688
74,20191207183601,B,6.25197911
74,20191207183601,C,23.77537673
75,20191207193601,A,13.61480756
75,20191207193601,B,18.78965289
75,20191207193601,C,23.60993789
76,20191207203601,A,6.554773445
76,20191207203601,B,19.78477574
76,20191207203601,C,28.18943159
77,20191207213601,A,12.30980399
77,20191207213601,B,22.48474434
77,20191207213601,C,30.30252432
78,20191207223601,A,11.15117376
78,20191207223601,B,23.41601474
78,20191207223601,C,31.82642374
79,20191207233601,A,11.00634151
79,20191207233601,B,18.02222402
79,20191207233601,C,31.67992147
80,20191208003601,A,4.006270389
80,20191208003601,B,11.68576174
80,20191208003601,C,35.30239047
81,20191208013601,A,18.33279049
81,20191208013601,B,26.8207487
81,20191208013601,C,25.6463113
82,20191208023601,A,10.48595416
82,20191208023601,B,19.68165908
82,20191208023601,C,34.56410208
83,20191208033601,A,10.95147542
83,20191208033601,B,17.5002331
83,20191208033601,C,22.85415167
84,20191208043601,A,6.790008405
84,20191208043601,B,20.99981608
84,20191208043601,C,32.61019
85,20191208053601,A,9.966650391
85,20191208053601,B,33.15320099
85,20191208053601,C,30.17315332
86,20191208063601,A,16.33609021
86,20191208063601,B,10.88411294
86,20191208063601,C,37.80797522
87,20191208073601,A,11.86578759
87,20191208073601,B,18.631032
87,20191208073601,C,30.12480131
88,20191208083601,A,7.563453096
88,20191208083601,B,24.65055219
88,20191208083601,C,34.25596432
89,20191208093601,A,12.55550513
89,20191208093601,B,17.47016224
89,20191208093601,C,23.9748421
90,20191208103601,A,12.17904027
90,20191208103601,B,19.41570941
90,20191208103601,C,32.91302511
91,20191208113601,A,5.671130129
91,20191208113601,B,12.82629973
91,20191208113601,C,35.71771502
92,20191208123601,A,12.80977175
92,20191208123601,B,25.00132774
92,20191208123601,C,25.3360565
93,20191208133601,A,12.88777897
93,20191208133601,B,16.69262411
93,20191208133601,C,22.32966191
94,20191208143601,A,9.77847841
94,20191208143601,B,22.80808797
94,20191208143601,C,25.77981652
95,20191208153601,A,8.074770011
95,20191208153601,B,21.93285335
95,20191208153601,C,29.09305285
96,20191208163601,A,21.40607609
96,20191208163601,B,15.46189808
96,20191208163601,C,39.92884399
97,20191208173601,A,10.40690456
97,20191208173601,B,17.09696898
97,20191208173601,C,30.15347855
98,20191208183601,A,13.45172682
98,20191208183601,B,20.11199912
98,20191208183601,C,35.76587979
99,20191208193601,A,15.17442913
99,20191208193601,B,29.57042481
99,20191208193601,C,29.10272557
100,20191208203601,A,15.44691489
100,20191208203601,B,18.4364432
100,20191208203601,C,31.55609795
